,0,1,2,3,4,5,6,7,8,9,10,11,12
0,0.5,0.55,0.6666666666666666,0.675,0.8166666666666667,0.8583333333333333,0.825,0.85,0.775,0.8416666666666667,0.8166666666666667,0.8166666666666667,0.875
1,0.5,0.5583333333333333,0.725,0.7166666666666667,0.8166666666666667,0.8916666666666667,0.8333333333333334,0.8833333333333333,0.875,0.8333333333333334,0.875,0.8416666666666667,0.775
2,0.5,0.5833333333333334,0.7083333333333334,0.7166666666666667,0.8,0.8666666666666667,0.85,0.875,0.8333333333333334,0.8583333333333333,0.9083333333333333,0.7833333333333333,0.8666666666666667
3,0.5,0.65,0.6083333333333333,0.7833333333333333,0.825,0.8583333333333333,0.8416666666666667,0.8416666666666667,0.825,0.8083333333333333,0.7916666666666666,0.8916666666666667,0.8916666666666667
4,0.5,0.48333333333333334,0.6833333333333333,0.75,0.8333333333333334,0.8083333333333333,0.85,0.9083333333333333,0.8333333333333334,0.925,0.875,0.8916666666666667,0.8583333333333333
5,0.5,0.575,0.775,0.7416666666666667,0.7833333333333333,0.875,0.8666666666666667,0.8333333333333334,0.8,0.875,0.8416666666666667,0.8583333333333333,0.8416666666666667
6,0.5,0.45,0.625,0.775,0.8666666666666667,0.8833333333333333,0.8333333333333334,0.9416666666666667,0.875,0.8833333333333333,0.8333333333333334,0.8166666666666667,0.8
7,0.5,0.55,0.6583333333333333,0.75,0.8166666666666667,0.825,0.8916666666666667,0.8666666666666667,0.7916666666666666,0.8416666666666667,0.8416666666666667,0.8916666666666667,0.8666666666666667
8,0.5,0.575,0.6916666666666667,0.775,0.8083333333333333,0.85,0.7916666666666666,0.85,0.8666666666666667,0.8583333333333333,0.8666666666666667,0.8666666666666667,0.9083333333333333
9,0.5,0.575,0.65,0.7,0.7916666666666666,0.85,0.8,0.8083333333333333,0.8,0.8583333333333333,0.85,0.8166666666666667,0.8333333333333334
